.Random.seed <-
c(403L, 1L, -1336807394L, -60235048L, 102221371L, -1744391207L, 
-219283096L, 1014732950L, 1885558289L, -1866289213L, 1737274322L, 
390884964L, 215866791L, -1637854467L, -26433804L, -560664102L, 
-1609181915L, -999082945L, 929956806L, -457732016L, -218702733L, 
-2011287407L, -422719296L, 1050860190L, 1151481449L, -1107376485L, 
968125354L, -1607102516L, -173194609L, -230249787L, -1002929540L, 
542789330L, -1998026163L, -395884793L, 708610798L, -1977458744L, 
-634674997L, -1043775191L, -1124951688L, -1348882778L, 1484265665L, 
-418008749L, -497492478L, 903710516L, 425157815L, 1321899181L, 
1174598084L, 1451446762L, -1510093227L, -1317552145L, 1587884022L, 
-1685231328L, 710215395L, 1140203393L, -896226832L, 1055955086L, 
1694048249L, -1718307445L, -196046406L, -963997508L, 1337455615L, 
1946452309L, 1286044268L, -564654398L, 1538275613L, 575614871L, 
-1884689666L, -2072702792L, -1237845349L, -576612103L, 568920648L, 
-426027658L, -1564023631L, 169412835L, 1841334194L, 1246394372L, 
-1861547193L, -615742947L, 1923946644L, 1909078074L, -770229627L, 
1072819039L, 1180607462L, -1234850192L, 60244371L, -1440602575L, 
-994165536L, 2030243198L, -2128502775L, 685584443L, -1462518262L, 
-1513255444L, -531824017L, 2078395813L, -1154282148L, 1084830002L, 
-591015891L, -563106073L, 1567523854L, -346870296L, -321947669L, 
-380524407L, 545696792L, 1517898566L, 733338017L, -1631213517L, 
-720312926L, -1765154668L, 720520983L, -847941363L, 1751439396L, 
28309514L, -1625035403L, 150166735L, -205811754L, -496889984L, 
1747149763L, -598309535L, -122209328L, -1472824530L, 1935156953L, 
-75434773L, -912280230L, 1090103068L, -406633953L, 1577558645L, 
207351564L, -181615902L, 803887037L, 244936759L, 1340947166L, 
-568605160L, -1857640069L, 1713643801L, -743928408L, 2048094550L, 
1598411217L, -1103457917L, 2124607506L, 481174436L, 622826343L, 
1299753149L, -175943628L, -917265510L, 2057121765L, 1380187007L, 
-1420236026L, 51135632L, 1845531955L, 1879061201L, 95991936L, 
1693245790L, 1270372009L, -11927205L, -1207776406L, 1165304332L, 
831496783L, -1155772667L, -1513289796L, -1387683182L, -698594931L, 
800846279L, 1202770606L, -1263011064L, -1264178933L, -1064962071L, 
-1011969864L, -884140186L, -857639935L, -1076985197L, -1847270078L, 
2073832180L, -780691721L, 1349940973L, -2141027964L, -1090613334L, 
-1724197611L, -1311023185L, -99520586L, -79096352L, 1581739299L, 
959136321L, -1348588240L, -454219954L, -485675591L, 1208356811L, 
2080916602L, 669439356L, 608939455L, 1923451541L, -488277844L, 
1863156354L, 840501853L, 103791959L, 712048702L, 1691718776L, 
-614957221L, -1936471367L, 1667352328L, 1957969334L, 1023910641L, 
791356707L, 2109931378L, -2072031804L, 2073990535L, 700307293L, 
1466546516L, -2142749830L, -468862267L, -414880737L, 1796225958L, 
153632048L, -299270189L, 1936059889L, -639362272L, 1997166014L, 
405138889L, -1362169477L, 2077079370L, -1359059028L, 1628090031L, 
1826663525L, -1716003812L, -794348942L, -820919059L, 2025544999L, 
2135329102L, -1676498520L, 990047659L, 1097412384L, -1473156660L, 
-37284384L, -1621772606L, 842974248L, 1502958252L, -1545796420L, 
-1868101134L, -1618767568L, 1895224484L, -1827264840L, -1097024166L, 
1429894544L, -621472900L, 613910804L, -1488624830L, -501949696L, 
-877152324L, 1726783312L, -359431390L, 1854840136L, 229378572L, 
-374544292L, -699532078L, -1300710912L, -1046540972L, 1281473000L, 
-226022406L, 1928560848L, 1113787692L, 95249140L, -273401454L, 
-1284844448L, -2041436916L, 1680954080L, -130823838L, 1261427368L, 
-31243700L, -590270084L, -276699854L, 1075908720L, 774063940L, 
-613802536L, 30043258L, -699699664L, 1900030652L, 2094423892L, 
-1211149246L, -166453856L, -1540003140L, -1854375472L, 271916386L, 
783142888L, 1634207692L, -780251396L, -2044804622L, 320489600L, 
-1560386316L, -2132277624L, 739268410L, -1146252464L, -1911683476L, 
-21282668L, 1809264978L, 1367670496L, -1020177716L, 608325792L, 
-170837118L, -2061856024L, -315215124L, 880188476L, 191763058L, 
-1484614544L, 1784735268L, 1112245304L, -1107683302L, -1950934320L, 
1701598268L, 601441428L, 829652098L, -948910144L, -762898116L, 
-558345584L, -1865495518L, 1008460808L, 392022156L, 1875565596L, 
2001139346L, 1319543936L, -2041532396L, 105743656L, 538840634L, 
1315308752L, 40047724L, 552522420L, -1585022958L, -1589205024L, 
-560738356L, 215166432L, -1714356702L, -970323672L, 990605580L, 
-1123744196L, -44281614L, 1085713136L, -597445820L, -141796776L, 
-1977834950L, -742226192L, 395922620L, 60468756L, 1147928770L, 
635789408L, -1475457668L, -1438663472L, -1266553822L, 799357608L, 
-264552564L, -638666308L, -51133390L, 285550400L, 276232372L, 
1419301704L, 550103738L, -656240880L, -1158850324L, -1173621676L, 
827184914L, -972147808L, -523657268L, 513518432L, 870088898L, 
1351386664L, 212211116L, -334368964L, -743276686L, -1106193616L, 
994558500L, -2077609928L, 2065566938L, 1182400912L, -2064386308L, 
-2135617644L, 1264108354L, 1186232832L, 1363993148L, -1142942128L, 
609137314L, -1553614008L, 1337784844L, -915673892L, -2015972782L, 
479307904L, 398621524L, -852291096L, -472896774L, 505354064L, 
-1910389716L, 1104876916L, 199196306L, -1852081568L, -1949085044L, 
1679158112L, -2111343902L, 2069313704L, -1905266484L, 529064444L, 
-1677623374L, 1919235568L, 29978052L, 443045720L, 1318026106L, 
433962416L, -1930313284L, 1803337812L, -472288318L, 1467335456L, 
-285018180L, -86953392L, 1664445922L, 346878312L, -398561972L, 
871612668L, 1386365682L, -1615442176L, 543686260L, -2115649528L, 
1524863418L, 291106768L, 1357318636L, -934967404L, 1217016530L, 
-2128929184L, 1857439052L, 1989338400L, -1965503870L, -1557898776L, 
1758658540L, -594729412L, 2144339570L, -1711461520L, -1104688860L, 
-568860104L, 1003542938L, -1749354032L, -1863866948L, 461191316L, 
-64662398L, -174930496L, 391236412L, 940928144L, 242719522L, 
1313371656L, 4752652L, -1260292708L, -170193390L, -1355031680L, 
-1398361324L, -1062883032L, 2103952442L, 312806352L, -1378665876L, 
879456820L, 488176274L, -49789600L, -1263961780L, -621836320L, 
1473723467L, 27599548L, -1611931414L, 489078047L, 933799337L, 
-42122434L, -175989204L, 1448586365L, -1752353081L, -1278906448L, 
-1615109682L, 491600635L, 1249585501L, 908532362L, 1344366760L, 
535338001L, -2015130365L, 516816900L, 1571172402L, 1183012999L, 
66278609L, -835416490L, -1526284748L, 1853306181L, -1398474865L, 
1803477768L, 1179739430L, 715840979L, 614029109L, -1560199534L, 
1559612000L, 60689353L, -1129485573L, 1499862220L, 907029850L, 
422756431L, 318926105L, 25880366L, -301483716L, 1417612973L, 
1560856919L, -459593568L, -1000450562L, -1267767093L, -1678051635L, 
-55459334L, 1815673400L, 2083198945L, -712191853L, 768029364L, 
-1360093246L, -1297445929L, 1707762721L, -1444514842L, -1264582940L, 
1691699733L, 327844415L, 587979224L, -1432023050L, -407824381L, 
-1347767483L, 292321122L, -274917168L, -1263819783L, 582025003L, 
1019108508L, 1504850634L, 1546763199L, -1604864247L, 1537884190L, 
1583337932L, -1147257955L, -1299696089L, -1250870192L, 356197614L, 
2059600283L, -687081475L, -186199318L, 13895048L, -1753464015L, 
-1380836445L, 1947282340L, -1637145006L, 1388455335L, 138691057L, 
-1079249610L, 748699092L, -1516522651L, 39222127L, 661222824L, 
1907952390L, -1322611149L, 434275477L, -1802986254L, 469634368L, 
2136502953L, -913802469L, 1279380716L, 26652922L, 1175146799L, 
-911563463L, -53188786L, -238621284L, 1932406541L, 1481353591L, 
440118656L, -318632994L, 1555367083L, -609362003L, -863980518L, 
325327576L, -1567255743L, 1940186099L, 1488006676L, -74192990L, 
1855281335L, 39092865L, 538968710L, -916499772L, 924701685L, 
290302559L, -1088627528L, 936098198L, -925465693L, -955484315L, 
1317670530L, -1039152144L, -1174196839L, -1200987253L, 1733316220L, 
1666614442L, -229460257L, 802737257L, -1658100098L, -1929146772L, 
1094857405L, -967037049L, -646063248L, -1483511282L, -48150725L, 
347003933L, 481940682L, -166064152L, -664367L, 1616165059L, -957968444L, 
